HEDERA_ACCOUNT_ID=0.0.7974282
HEDERA_PRIVATE_KEY=0x9f8d35735bd12ef8b35dae319ebc1d98585ebbf6495527d1d74342880272f4ca
AGENT_ACCOUNT_ID=0.0.7973983
AGENT_PRIVATE_KEY=302e020100300506032b657004220420319a4855ed8cf394c7c741a3cf254cc12b696eac34bd158be5abb9098e79c699
ANTHROPIC_API_KEY=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